20.000  5.8000   1.72619
15.000  6.5000   1.73333
42.500  8.0450   1.79376
42.500  8.0500   1.78889
45.000  8.1750   1.81304
45.000  8.3000   1.8371
50.000  8.4825   1.84042
50.000  8.6650   1.84519
50.000  8.8475   1.84978
50.000  9.0300   1.85421
50.000  9.5280   1.8408
50.000  9.6960   1.83567
50.000  9.8640   1.83073
50.000  10.0320   1.82599
50.000  10.2000   1.82143
50.000  10.9229   1.79662
50.000  11.0558   1.78047
49.500  11.1440   1.78378
49.500  11.2300   1.78705
49.500  11.3140   1.79022
49.500  11.3960   1.79335
49.500  11.4761   1.79642
49.500  11.5543   1.79943
49.500  11.6308   1.80239
49.500  11.7056   1.80528
49.500  11.7787   1.80813
49.500  11.8504   1.81094
49.500  11.9205   1.81369
49.500  11.9893   1.8164
49.500  12.0568   1.81907
49.500  12.1231   1.82174
49.500  12.1881   1.82432
49.500  12.2521   1.82687
49.500  12.3151   1.82942
49.500  12.3772   1.83192
49.500  12.4383   1.83437
49.500  12.4987   1.8368
49.500  12.5584   1.8392
49.500  12.6174   1.84158
49.500  12.6759   1.8439
49.500  12.7339   1.84624
49.500  12.7915   1.84851
49.500  12.8487   1.85078
49.500  12.9057   1.85302
49.500  12.9625   1.85523
49.500  13.0192   1.85742
49.500  13.0758   1.85958
49.500  13.1325   1.86171
49.500  13.1892   1.8638
49.500  13.2462   1.8659
49.500  13.3034   1.86798
49.500  13.3610   1.87001
49.500  13.4190   1.87204
49.500  13.4774   1.87402
49.500  13.5364   1.87599
49.500  13.5961   1.87797
49.500  13.6564   1.87988
49.670  13.6679   1.87828
49.660  13.6793   1.87665
49.670  13.6908   1.87507
